MRs
55636
225689
6874
23394
51497
9869
7153
51114
5933
1063
79913
2648
1789
79977
2649
11335
84515
999
2305
8208
6662
6873
7576
2118
8914
9319
6045
55734
6894
3664
5468
7678
29028
4605
57116
9889
9584
3070
5013
8880
64216
51575
3209
84524
1871
346389
55832
85403
27161
117143
7586
6996
144348
10128
3608
10622
7718
4796
4173
23512
25909
5205
64395
220992
51085
5981
23028
23314
54503
4171
7748
25888
79830
401265
388561
708
5468
5205
688
6772
4582
135112
4261
10595
26298
1105
9663
3976
942
3383
3458
54625
10062
51274
22904
8573
7110
7421
3054
196446
5978
55252
6239
1385
84225
7409
22797
3662
8856
118738
1997
4332
50943
54815
7153
51114
5933
1063
2648
79977
11335
999
2305
8208
6662
8914
9319
3664
5468
29028
4605
57116
9889
3070
5013
79084
3209
346389
116225
4796
4173
5205
64395
220992
4171
144455
83879
1869
688
7027
6772
4582
3172
4602
135112
4261
10595
8458
4175
3174
26298
7112
5925
51755
3170
25921
79733
4172
9603
116113
9663
3728
60436
195828
1786
3976
942
51460
3169
64105
3383
1999
79682
3458
253832
54625
127343
3159
132660
10062
10973
29128
